Run: N100_seed42_prob80
Number of runs: 100
Processors: 16
Grid size: 100x100
Mean Burning steps: 121.77
Estimated Probability Bottom reached: 1
Mean Execution time (seconds): 0.00244616
Mean Broadcast/Allocate time (seconds): 2.64376e-05
Setup time: 0.0343931 seconds

Burning steps per run: 122, 124, 123, 119, 118, 120, 120, 120, 120, 122, 119, 118, 121, 123, 121, 127, 127, 123, 120, 121, 122, 121, 121, 122, 126, 121, 121, 121, 121, 121, 122, 124, 123, 121, 121, 121, 125, 121, 124, 121, 121, 120, 122, 122, 121, 125, 122, 120, 118, 123, 121, 120, 119, 126, 125, 120, 122, 120, 122, 126, 119, 123, 119, 120, 119, 122, 121, 119, 120, 125, 119, 125, 120, 122, 119, 119, 123, 122, 119, 128, 122, 118, 122, 119, 122, 121, 123, 123, 119, 124, 123, 122, 124, 126, 121, 129, 123, 121, 120, 129
Execution time per run (seconds): 0.0030539, 0.00253891, 0.00248652, 0.00237852, 0.00235677, 0.00240676, 0.00237874, 0.00239938, 0.00239384, 0.00241756, 0.00239376, 0.00234687, 0.0024158, 0.00243422, 0.00240024, 0.00257381, 0.00253933, 0.00245699, 0.00241602, 0.00242191, 0.00244415, 0.00244008, 0.00242013, 0.00245094, 0.00251995, 0.00238177, 0.00242851, 0.00243862, 0.00241904, 0.00242539, 0.00245646, 0.00250126, 0.00247088, 0.00242115, 0.00243463, 0.00242648, 0.00249333, 0.00242246, 0.00248865, 0.00236009, 0.00244164, 0.00239965, 0.0024475, 0.00243699, 0.00242368, 0.00249703, 0.00244081, 0.00240676, 0.00237341, 0.00245694, 0.00242397, 0.00239778, 0.00238545, 0.00251444, 0.00250724, 0.00242173, 0.00245944, 0.00237068, 0.00244976, 0.00251691, 0.00239687, 0.00245445, 0.0024023, 0.00241141, 0.00239368, 0.00244082, 0.00240898, 0.00239789, 0.00242231, 0.00249874, 0.00239057, 0.00249753, 0.00241757, 0.00244785, 0.00240064, 0.00240097, 0.00247201, 0.00246051, 0.00233121, 0.00256471, 0.00244311, 0.00239411, 0.00244196, 0.0024046, 0.00246322, 0.00243139, 0.00247507, 0.00246165, 0.00238886, 0.00246847, 0.00247249, 0.00245732, 0.00248962, 0.0024849, 0.00244503, 0.00256554, 0.00247365, 0.00242125, 0.00241148, 0.00258523
