Run: N100_seed42_prob55
Number of runs: 100
Processors: 16
Grid size: 100x100
Mean Burning steps: 68.63
Estimated Probability Bottom reached: 0.83
Mean Execution time (seconds): 0.00143428
Mean Broadcast/Allocate time (seconds): 2.61818e-05
Setup time: 0.0343935 seconds

Burning steps per run: 50, 98, 48, 89, 41, 53, 100, 116, 57, 54, 156, 79, 55, 55, 37, 79, 78, 67, 50, 58, 53, 99, 102, 22, 112, 29, 65, 91, 67, 83, 114, 211, 20, 74, 69, 28, 29, 45, 24, 58, 147, 86, 81, 61, 93, 36, 78, 34, 179, 97, 58, 33, 37, 61, 57, 48, 23, 174, 74, 51, 30, 70, 30, 44, 56, 124, 23, 127, 14, 62, 45, 49, 106, 18, 28, 22, 33, 35, 60, 35, 33, 101, 46, 125, 64, 51, 67, 74, 65, 220, 158, 21, 83, 53, 19, 43, 61, 44, 90, 111
Execution time per run (seconds): 0.00178401, 0.00205151, 0.00102938, 0.00185079, 0.000890931, 0.00112214, 0.0019988, 0.00234097, 0.00119888, 0.0011415, 0.00314286, 0.00163176, 0.00116519, 0.00116415, 0.000811289, 0.00163706, 0.0016165, 0.00140384, 0.0010764, 0.00121979, 0.00112143, 0.00202695, 0.00205775, 0.000514029, 0.00225297, 0.000649162, 0.00136407, 0.00186327, 0.00138695, 0.00171007, 0.00232108, 0.00412174, 0.000475212, 0.00154407, 0.00144271, 0.00063428, 0.000650927, 0.000960314, 0.000556555, 0.00122058, 0.00300795, 0.0017894, 0.00166486, 0.00127185, 0.00190477, 0.000785236, 0.00161123, 0.000747822, 0.00357981, 0.00198749, 0.00122516, 0.000725195, 0.000809512, 0.00127715, 0.00119847, 0.00102851, 0.00053189, 0.00340894, 0.00152627, 0.00107942, 0.000669033, 0.00145963, 0.000669416, 0.000946756, 0.0011784, 0.00252071, 0.000537307, 0.0025292, 0.000361465, 0.00129673, 0.000969199, 0.00105071, 0.00214538, 0.000433563, 0.000633312, 0.000509446, 0.000735078, 0.000768155, 0.00125746, 0.000772906, 0.000725348, 0.00208526, 0.000980015, 0.00252848, 0.00135653, 0.00109913, 0.00139595, 0.00154303, 0.00134598, 0.00435473, 0.00320365, 0.000493612, 0.00170467, 0.0011177, 0.000453656, 0.000926879, 0.00130197, 0.000951059, 0.00184766, 0.00225635
