Run: N100_seed42_prob95
Number of runs: 100
Processors: 16
Grid size: 100x100
Mean Burning steps: 105.31
Estimated Probability Bottom reached: 1
Mean Execution time (seconds): 0.00213584
Mean Broadcast/Allocate time (seconds): 2.68071e-05
Setup time: 0.0368395 seconds

Burning steps per run: 105, 104, 106, 105, 105, 104, 106, 106, 105, 106, 105, 105, 105, 106, 105, 106, 104, 105, 105, 105, 105, 106, 105, 106, 108, 106, 107, 105, 105, 104, 105, 107, 104, 105, 105, 106, 110, 106, 106, 106, 106, 105, 105, 105, 105, 105, 105, 105, 104, 106, 106, 105, 105, 106, 105, 105, 105, 105, 104, 105, 106, 105, 105, 105, 105, 105, 105, 106, 105, 106, 105, 106, 106, 105, 105, 106, 105, 105, 104, 105, 106, 105, 106, 106, 106, 105, 106, 105, 105, 105, 106, 105, 105, 105, 105, 104, 104, 105, 105, 105
Execution time per run (seconds): 0.00278977, 0.00219484, 0.0021335, 0.00210744, 0.00213359, 0.0020998, 0.00208644, 0.00211945, 0.00210268, 0.00212196, 0.00211218, 0.00211793, 0.00210042, 0.0021236, 0.0021067, 0.00214166, 0.00210133, 0.00212354, 0.00211979, 0.00211828, 0.00211839, 0.0021548, 0.00211717, 0.00212783, 0.0021891, 0.00212492, 0.0021556, 0.00211546, 0.00211243, 0.00211014, 0.0021234, 0.00215353, 0.00210325, 0.00212676, 0.00215096, 0.00214646, 0.00252702, 0.00213995, 0.00213174, 0.00213828, 0.00214161, 0.00217752, 0.00212404, 0.00211853, 0.00212352, 0.00212568, 0.00209158, 0.00212246, 0.0021071, 0.00213886, 0.00213247, 0.00212626, 0.00212529, 0.00214031, 0.00212476, 0.00212387, 0.00212226, 0.0020696, 0.00212615, 0.00211414, 0.00214453, 0.00212689, 0.00211822, 0.00211391, 0.00211245, 0.0021233, 0.00212977, 0.00214881, 0.00211652, 0.00214063, 0.0021267, 0.00213957, 0.00214462, 0.00212172, 0.00211828, 0.00214115, 0.00211857, 0.00211457, 0.00210638, 0.00212235, 0.00214001, 0.00211132, 0.00212692, 0.00213617, 0.00214823, 0.00212506, 0.00214066, 0.00212642, 0.00211846, 0.00211389, 0.00213252, 0.00211317, 0.00211914, 0.00212145, 0.00212253, 0.00209838, 0.00210437, 0.00211766, 0.00212002, 0.0021209
