Run: N100_seed42_prob25
Number of runs: 100
Processors: 16
Grid size: 100x100
Mean Burning steps: 3.48
Estimated Probability Bottom reached: 0.35
Mean Execution time (seconds): 0.000147215
Mean Broadcast/Allocate time (seconds): 2.7257e-05
Setup time: 0.0346564 seconds

Burning steps per run: 2, 3, 8, 4, 3, 5, 4, 3, 5, 3, 0, 3, 3, 2, 3, 2, 3, 3, 5, 3, 5, 4, 6, 3, 2, 3, 2, 1, 3, 1, 4, 4, 5, 5, 3, 2, 6, 8, 3, 4, 5, 4, 4, 3, 4, 3, 4, 4, 1, 5, 5, 5, 1, 5, 2, 3, 2, 5, 2, 5, 4, 5, 5, 2, 4, 2, 3, 2, 4, 3, 7, 3, 4, 3, 3, 4, 2, 8, 2, 3, 5, 3, 7, 3, 3, 3, 4, 3, 1, 4, 3, 1, 2, 3, 3, 4, 3, 3, 2, 2
Execution time per run (seconds): 0.000621515, 0.000288748, 0.000326329, 0.000157374, 0.000167038, 0.000167343, 0.00015272, 0.000133696, 0.000165114, 0.000129522, 7.3028e-05, 0.000128693, 0.0001289, 0.000114674, 0.000127775, 0.000126937, 0.000129939, 0.000128848, 0.000165284, 0.000136259, 0.000166899, 0.0001562, 0.000184968, 0.00013001, 0.000108443, 0.000190669, 0.00011064, 9.3307e-05, 0.000127769, 9.1552e-05, 0.000146364, 0.000151415, 0.000166833, 0.000165899, 0.000126961, 0.000109606, 0.00018527, 0.000227077, 0.000129525, 0.000147649, 0.000167378, 0.000147969, 0.000149754, 0.00012971, 0.000146031, 0.000126731, 0.000147461, 0.000145933, 9.1318e-05, 0.000170963, 0.000164134, 0.000165794, 9.1065e-05, 0.00016383, 0.000109229, 0.000134231, 0.000108042, 0.00016508, 0.000109479, 0.000166763, 0.000147431, 0.000181073, 0.000158347, 0.000103276, 0.000139096, 0.000104785, 0.000122961, 0.000127296, 0.000148489, 0.000128323, 0.000201582, 0.000129869, 0.000147072, 0.000134908, 0.000127502, 0.000144996, 0.000109047, 0.000221323, 0.000108731, 0.000131929, 0.00016824, 0.000129031, 0.000199093, 0.000127403, 0.000128226, 0.000132722, 0.000146303, 0.000127078, 9.5569e-05, 0.000147731, 0.000127695, 9.1151e-05, 0.000109054, 0.000129144, 0.000127388, 0.000149552, 0.000127759, 0.000127822, 0.000115368, 0.000109465
