Run: N100_seed42_prob60
Number of runs: 100
Processors: 16
Grid size: 100x100
Mean Burning steps: 197
Estimated Probability Bottom reached: 0.99
Mean Execution time (seconds): 0.0038768
Mean Broadcast/Allocate time (seconds): 2.68832e-05
Setup time: 0.0334151 seconds

Burning steps per run: 153, 308, 259, 207, 254, 198, 263, 157, 222, 279, 252, 105, 47, 181, 214, 231, 184, 229, 259, 244, 300, 200, 191, 247, 173, 66, 186, 242, 214, 240, 100, 191, 182, 176, 388, 129, 179, 150, 112, 78, 133, 243, 87, 166, 284, 34, 233, 224, 190, 178, 173, 125, 175, 331, 114, 218, 281, 193, 269, 212, 428, 244, 192, 139, 232, 120, 176, 273, 67, 181, 182, 246, 200, 314, 97, 217, 136, 81, 188, 179, 300, 213, 187, 223, 282, 231, 67, 135, 72, 295, 217, 201, 227, 185, 223, 106, 243, 140, 230, 178
Execution time per run (seconds): 0.00376674, 0.00603383, 0.00503989, 0.00393578, 0.00491564, 0.00394215, 0.0050309, 0.00312379, 0.00428651, 0.00541952, 0.0048495, 0.00215867, 0.000999419, 0.00345703, 0.0041796, 0.00458708, 0.003593, 0.00447356, 0.00495227, 0.0047941, 0.00570333, 0.0039109, 0.00376092, 0.00481283, 0.00342216, 0.00138696, 0.00357887, 0.00474393, 0.00418726, 0.00477849, 0.00204209, 0.00370597, 0.00359209, 0.00342202, 0.00739061, 0.00261492, 0.00360358, 0.00297849, 0.00229059, 0.00163644, 0.00271561, 0.00465521, 0.00179897, 0.003332, 0.00549637, 0.000752416, 0.00455263, 0.00432725, 0.00373695, 0.00361602, 0.00340116, 0.00254888, 0.00347249, 0.0064665, 0.00230553, 0.00426348, 0.00551028, 0.00376437, 0.00528411, 0.00421067, 0.00810126, 0.00475596, 0.00376665, 0.00276393, 0.00456824, 0.00244038, 0.00356197, 0.00516948, 0.00139945, 0.00362326, 0.00363663, 0.00485562, 0.00387381, 0.00616493, 0.00200804, 0.00427523, 0.00276875, 0.00168975, 0.00367547, 0.00345642, 0.00580013, 0.0042831, 0.00375874, 0.0043514, 0.00560845, 0.00447474, 0.00140972, 0.00269714, 0.0014976, 0.00562723, 0.00429321, 0.00393863, 0.00439319, 0.0035723, 0.00445857, 0.00217471, 0.00469482, 0.0027305, 0.0044555, 0.0035923
