Run: N100_seed42_prob40
Number of runs: 100
Processors: 16
Grid size: 100x100
Mean Burning steps: 11.01
Estimated Probability Bottom reached: 0.51
Mean Execution time (seconds): 0.000298914
Mean Broadcast/Allocate time (seconds): 2.77489e-05
Setup time: 0.0339801 seconds

Burning steps per run: 9, 10, 16, 7, 12, 11, 9, 11, 17, 5, 10, 10, 7, 15, 24, 6, 12, 18, 25, 9, 8, 14, 8, 6, 16, 7, 8, 9, 15, 9, 10, 13, 14, 15, 3, 6, 10, 9, 5, 6, 10, 4, 12, 9, 13, 6, 12, 8, 15, 15, 12, 7, 6, 10, 4, 10, 6, 9, 14, 8, 6, 18, 10, 12, 8, 8, 16, 11, 7, 4, 14, 22, 16, 9, 15, 15, 11, 7, 13, 25, 16, 17, 8, 12, 6, 16, 9, 15, 10, 7, 13, 12, 21, 8, 9, 8, 18, 11, 10, 4
Execution time per run (seconds): 0.000899112, 0.000386209, 0.000405204, 0.000213075, 0.00034288, 0.000290664, 0.000247532, 0.000296078, 0.000407469, 0.000174468, 0.000267305, 0.000276711, 0.000211159, 0.000368342, 0.000557701, 0.00020037, 0.000302526, 0.000482802, 0.000537358, 0.000269683, 0.000231803, 0.000345499, 0.000234976, 0.000189772, 0.000381163, 0.000210166, 0.000230369, 0.000250097, 0.000368256, 0.00025427, 0.000268469, 0.000326972, 0.000351972, 0.000366159, 0.000132239, 0.000191541, 0.000273794, 0.000248115, 0.000174007, 0.00019262, 0.000277808, 0.000153353, 0.000306028, 0.000253646, 0.000328129, 0.000190888, 0.000309031, 0.000234702, 0.000365295, 0.000363875, 0.000310067, 0.000213092, 0.000191292, 0.000272201, 0.000152664, 0.000267883, 0.000187449, 0.000253539, 0.000346919, 0.000233011, 0.000192066, 0.00043085, 0.000270572, 0.000307597, 0.000227354, 0.00023271, 0.000384482, 0.000293607, 0.000210977, 0.000152353, 0.00034992, 0.000498599, 0.000389134, 0.000253912, 0.000365029, 0.000367402, 0.000285681, 0.000211332, 0.000328287, 0.000569404, 0.000385409, 0.000407372, 0.000228313, 0.000307965, 0.000194787, 0.000386409, 0.00024865, 0.000371741, 0.000268854, 0.000214377, 0.000332933, 0.000307991, 0.000483974, 0.000236667, 0.000248227, 0.000230124, 0.000426039, 0.000292255, 0.000271484, 0.000156808
