Run: N100_seed42_prob30
Number of runs: 100
Processors: 16
Grid size: 100x100
Mean Burning steps: 5.5
Estimated Probability Bottom reached: 0.4
Mean Execution time (seconds): 0.000185835
Mean Broadcast/Allocate time (seconds): 2.92025e-05
Setup time: 0.0341633 seconds

Burning steps per run: 2, 10, 14, 4, 3, 5, 4, 3, 6, 5, 6, 3, 3, 4, 4, 6, 7, 9, 6, 3, 6, 6, 6, 5, 7, 3, 5, 4, 5, 2, 5, 12, 5, 9, 3, 3, 8, 8, 4, 4, 5, 4, 4, 3, 5, 3, 6, 7, 2, 5, 8, 5, 6, 5, 5, 3, 2, 6, 4, 5, 4, 5, 9, 5, 7, 6, 8, 14, 7, 3, 7, 8, 4, 6, 3, 4, 6, 8, 4, 5, 10, 4, 7, 3, 3, 6, 8, 10, 5, 4, 6, 8, 13, 4, 9, 5, 5, 3, 2, 2
Execution time per run (seconds): 0.00050708, 0.000484434, 0.000352886, 0.000158226, 0.000166619, 0.000168126, 0.000152008, 0.00013581, 0.000187166, 0.000167854, 0.000184247, 0.000131315, 0.000129193, 0.000164149, 0.000141145, 0.000194763, 0.000201601, 0.000238722, 0.000180692, 0.00013043, 0.000179367, 0.000179711, 0.000179334, 0.000274785, 0.000201737, 0.000130403, 0.000168367, 0.000152031, 0.000167296, 0.000111607, 0.000166744, 0.000303826, 0.000174342, 0.000244397, 0.000129293, 0.000130237, 0.000226098, 0.000229402, 0.000148873, 0.000148486, 0.000168575, 0.00014896, 0.000153929, 0.000130878, 0.000167542, 0.000128475, 0.000188125, 0.000205182, 0.000112935, 0.000166023, 0.000224836, 0.000169687, 0.000187043, 0.000169186, 0.0001686, 0.000130803, 0.000113666, 0.000187392, 0.000153236, 0.000170215, 0.000148057, 0.00016965, 0.000243654, 0.000173327, 0.000204635, 0.00018626, 0.000225635, 0.000343049, 0.000207097, 0.000131478, 0.000204983, 0.0002315, 0.000151047, 0.000185644, 0.000130738, 0.000148007, 0.000186037, 0.000229597, 0.000149953, 0.000169535, 0.000261077, 0.000151638, 0.000200426, 0.000129884, 0.000129126, 0.00018556, 0.00022843, 0.000262878, 0.000167796, 0.000149887, 0.000188862, 0.000230855, 0.000321616, 0.000150999, 0.000242025, 0.000173083, 0.000166664, 0.000131247, 0.000111811, 0.000111674
