Run: N100_seed42_prob15
Number of runs: 100
Processors: 16
Grid size: 100x100
Mean Burning steps: 1.72
Estimated Probability Bottom reached: 0.24
Mean Execution time (seconds): 0.000110211
Mean Broadcast/Allocate time (seconds): 2.81931e-05
Setup time: 0.0339519 seconds

Burning steps per run: 2, 2, 1, 2, 3, 3, 2, 3, 1, 1, 0, 1, 2, 1, 1, 2, 1, 2, 1, 1, 2, 3, 1, 1, 2, 3, 2, 0, 3, 1, 3, 2, 1, 2, 1, 2, 2, 1, 1, 3, 3, 2, 2, 1, 1, 2, 1, 1, 1, 4, 3, 2, 0, 0, 1, 3, 2, 2, 0, 1, 1, 4, 4, 1, 4, 1, 1, 1, 0, 2, 3, 2, 2, 1, 0, 3, 3, 8, 1, 2, 2, 2, 2, 1, 2, 1, 3, 0, 1, 1, 3, 0, 2, 0, 3, 0, 3, 1, 1, 0
Execution time per run (seconds): 0.000656687, 0.000260008, 0.000111727, 0.000148593, 0.000218721, 0.000135903, 0.000107526, 0.000131787, 9.3458e-05, 9.0672e-05, 6.9681e-05, 9.4987e-05, 0.000108112, 8.659e-05, 8.7856e-05, 0.000122074, 9.0455e-05, 0.000107521, 8.87e-05, 9.6911e-05, 0.000116354, 0.000121546, 8.3509e-05, 8.3415e-05, 0.000100738, 0.000119083, 0.000104086, 7.1669e-05, 0.000120707, 8.4447e-05, 0.000120184, 0.000102655, 8.3661e-05, 0.00010109, 8.4281e-05, 0.000109003, 0.000103626, 8.5159e-05, 8.4784e-05, 0.000121935, 0.000119779, 0.00010212, 0.000101145, 8.4751e-05, 8.7458e-05, 0.000106882, 8.8053e-05, 8.825e-05, 8.6526e-05, 0.000144634, 0.000125145, 0.000108506, 7.1791e-05, 6.9881e-05, 8.7797e-05, 0.000123932, 0.00010611, 0.000108185, 6.9468e-05, 9.4855e-05, 8.7842e-05, 0.000144143, 0.000143363, 8.763e-05, 0.000152349, 8.8142e-05, 9.2531e-05, 8.8911e-05, 6.9396e-05, 0.000107467, 0.000123861, 0.000107089, 0.000110511, 8.8022e-05, 6.8361e-05, 0.000125468, 0.000123537, 0.000216708, 8.7821e-05, 0.000108866, 0.000105957, 0.00010955, 0.000105214, 8.9049e-05, 0.00010679, 8.8782e-05, 0.000125374, 6.9565e-05, 8.778e-05, 9.2283e-05, 0.000125401, 6.9189e-05, 0.000105493, 6.892e-05, 0.000124905, 6.9588e-05, 0.00012517, 8.905e-05, 8.7376e-05, 6.8519e-05
