Run: N100_seed42_prob45
Number of runs: 100
Processors: 16
Grid size: 100x100
Mean Burning steps: 18.29
Estimated Probability Bottom reached: 0.57
Mean Execution time (seconds): 0.000443688
Mean Broadcast/Allocate time (seconds): 2.75534e-05
Setup time: 0.0345244 seconds

Burning steps per run: 23, 15, 18, 14, 12, 19, 24, 20, 21, 16, 23, 14, 14, 16, 24, 20, 14, 11, 25, 25, 14, 14, 8, 14, 17, 22, 15, 13, 29, 48, 29, 13, 15, 35, 49, 17, 16, 11, 9, 24, 20, 18, 12, 9, 13, 24, 18, 8, 14, 15, 12, 16, 14, 31, 6, 7, 16, 44, 18, 14, 6, 33, 9, 31, 8, 9, 17, 12, 9, 24, 17, 22, 16, 11, 15, 15, 16, 21, 13, 25, 16, 26, 27, 11, 10, 16, 17, 15, 10, 34, 23, 25, 39, 25, 12, 13, 24, 24, 14, 10
Execution time per run (seconds): 0.00122415, 0.000417238, 0.000457802, 0.00036776, 0.000349821, 0.00045413, 0.00054669, 0.000475542, 0.000499256, 0.000393408, 0.000530439, 0.000353181, 0.000349826, 0.000398524, 0.000541833, 0.000490523, 0.000356334, 0.000299685, 0.000570439, 0.000574542, 0.000353153, 0.000354767, 0.000232734, 0.000353835, 0.000414177, 0.000508813, 0.000375572, 0.000334933, 0.000650387, 0.00102243, 0.000647886, 0.000338761, 0.00037307, 0.000763864, 0.00103927, 0.00041064, 0.000396699, 0.000289552, 0.000258617, 0.000552884, 0.000470553, 0.000435768, 0.000312443, 0.000257104, 0.000332499, 0.000541787, 0.000434093, 0.000232876, 0.000355158, 0.000368502, 0.000318608, 0.000394602, 0.0003546, 0.000691831, 0.000187552, 0.000207021, 0.000378705, 0.00093396, 0.000422158, 0.000349672, 0.000197478, 0.00072292, 0.000255575, 0.000673693, 0.000234589, 0.000248379, 0.000405012, 0.000314437, 0.000248614, 0.000541222, 0.00040576, 0.000502309, 0.000393056, 0.000288547, 0.000370988, 0.000365684, 0.000388659, 0.000487416, 0.000326243, 0.000562289, 0.000387434, 0.000581807, 0.000594554, 0.00029454, 0.000267478, 0.000385673, 0.000409698, 0.000369003, 0.000272962, 0.000732676, 0.000527433, 0.000560898, 0.000837796, 0.000566158, 0.000309822, 0.000330792, 0.00054126, 0.000546206, 0.000348685, 0.000268353
