Run: N100_seed42_prob50
Number of runs: 100
Processors: 16
Grid size: 100x100
Mean Burning steps: 29.18
Estimated Probability Bottom reached: 0.67
Mean Execution time (seconds): 0.000657386
Mean Broadcast/Allocate time (seconds): 2.87528e-05
Setup time: 0.0345279 seconds

Burning steps per run: 21, 48, 21, 14, 41, 33, 52, 22, 21, 16, 23, 28, 14, 19, 43, 28, 21, 33, 27, 27, 55, 55, 20, 17, 22, 22, 26, 15, 29, 48, 25, 28, 15, 31, 43, 17, 22, 32, 19, 30, 48, 21, 23, 26, 18, 34, 23, 34, 22, 36, 16, 26, 26, 31, 31, 45, 36, 73, 34, 21, 30, 71, 16, 35, 26, 18, 21, 51, 14, 31, 17, 22, 17, 21, 13, 15, 16, 30, 19, 27, 20, 42, 29, 23, 20, 16, 57, 15, 27, 51, 36, 25, 78, 36, 20, 17, 40, 25, 40, 44
Execution time per run (seconds): 0.00103039, 0.00108135, 0.000503651, 0.000359356, 0.000889647, 0.000727979, 0.00114721, 0.00051667, 0.000494833, 0.000389696, 0.000536599, 0.000634411, 0.00035086, 0.000452169, 0.000916923, 0.000681931, 0.000505936, 0.00073066, 0.000611331, 0.000605723, 0.00114559, 0.00115009, 0.000463983, 0.000413947, 0.000505909, 0.00050946, 0.000600346, 0.000356769, 0.000648085, 0.00101121, 0.000561823, 0.000621354, 0.000368865, 0.000685814, 0.000915072, 0.000405451, 0.00051251, 0.00070234, 0.000447407, 0.000663556, 0.00101624, 0.000490263, 0.00052799, 0.000582827, 0.000426828, 0.000737143, 0.00052404, 0.000746235, 0.000508442, 0.000772647, 0.000395753, 0.000581333, 0.000588288, 0.000721594, 0.000680091, 0.0010913, 0.000804872, 0.00151575, 0.000742175, 0.000489443, 0.000666132, 0.00145979, 0.000394411, 0.000765817, 0.000579502, 0.000429839, 0.000485661, 0.00106545, 0.000355223, 0.000674509, 0.000412397, 0.000504261, 0.000413419, 0.00048376, 0.000333468, 0.000370476, 0.000385759, 0.000663768, 0.000456324, 0.00060289, 0.000475562, 0.0008929, 0.000633354, 0.000531411, 0.000465255, 0.000392978, 0.00118, 0.000371598, 0.000602357, 0.00106497, 0.000779788, 0.000563005, 0.00160235, 0.000786263, 0.000465988, 0.000412273, 0.000859829, 0.0005649, 0.0008585, 0.000932306
