Run: N100_seed42_prob75
Number of runs: 100
Processors: 16
Grid size: 100x100
Mean Burning steps: 129.99
Estimated Probability Bottom reached: 1
Mean Execution time (seconds): 0.00257945
Mean Broadcast/Allocate time (seconds): 2.71521e-05
Setup time: 0.0349752 seconds

Burning steps per run: 129, 138, 128, 130, 129, 131, 126, 128, 128, 132, 133, 128, 128, 130, 133, 132, 131, 128, 128, 132, 128, 131, 132, 131, 129, 128, 134, 129, 133, 129, 128, 130, 135, 129, 132, 127, 128, 128, 127, 125, 127, 129, 131, 128, 130, 128, 130, 127, 127, 128, 126, 130, 129, 130, 130, 131, 128, 127, 128, 128, 130, 135, 125, 130, 130, 137, 132, 129, 127, 132, 125, 137, 131, 126, 130, 127, 128, 130, 131, 129, 133, 127, 134, 126, 133, 129, 141, 134, 128, 130, 129, 131, 127, 126, 135, 133, 139, 131, 129, 136
Execution time per run (seconds): 0.00317242, 0.00285221, 0.00251577, 0.00255567, 0.0025462, 0.0025703, 0.00249051, 0.00254602, 0.00252776, 0.00258716, 0.00262167, 0.00251952, 0.00251629, 0.00252803, 0.00259946, 0.00261837, 0.00261994, 0.00254058, 0.00254336, 0.00260005, 0.00253892, 0.00259697, 0.00262512, 0.00261415, 0.00256684, 0.00253963, 0.00263496, 0.00255497, 0.00259327, 0.00254172, 0.00253557, 0.00259314, 0.00264399, 0.00252951, 0.00260398, 0.0025206, 0.00254075, 0.00253216, 0.00252905, 0.00248708, 0.00252705, 0.00255502, 0.00260033, 0.00253554, 0.0025863, 0.00252375, 0.00255431, 0.00253753, 0.00252306, 0.00254593, 0.00248353, 0.00259663, 0.00254995, 0.00256434, 0.00257131, 0.00260016, 0.00255305, 0.00251674, 0.0025379, 0.0025461, 0.0025788, 0.00266013, 0.00248686, 0.00257342, 0.00256422, 0.00270375, 0.0026253, 0.00256242, 0.00252155, 0.00261471, 0.00248628, 0.00266982, 0.00258265, 0.00249407, 0.00257065, 0.00251298, 0.00253281, 0.00256984, 0.00258686, 0.00253691, 0.00263274, 0.00253675, 0.0026048, 0.00252783, 0.00265334, 0.00255914, 0.00277339, 0.00264025, 0.00253213, 0.00257541, 0.00256172, 0.00260166, 0.00252529, 0.00250828, 0.00266772, 0.00263363, 0.00274021, 0.00259755, 0.00254654, 0.00269001
