Run: N100_seed42_prob90
Number of runs: 100
Processors: 16
Grid size: 100x100
Mean Burning steps: 109.52
Estimated Probability Bottom reached: 1
Mean Execution time (seconds): 0.00221854
Mean Broadcast/Allocate time (seconds): 2.64216e-05
Setup time: 0.0345163 seconds

Burning steps per run: 110, 108, 112, 110, 108, 110, 110, 108, 110, 110, 109, 111, 109, 110, 110, 109, 110, 109, 108, 109, 109, 111, 109, 110, 112, 111, 111, 109, 109, 109, 109, 109, 110, 108, 111, 110, 112, 111, 112, 109, 110, 108, 109, 110, 110, 109, 109, 109, 109, 108, 110, 108, 109, 109, 109, 111, 109, 108, 108, 109, 109, 108, 109, 109, 111, 109, 110, 111, 108, 109, 109, 110, 110, 110, 108, 109, 110, 110, 109, 110, 111, 110, 111, 108, 108, 109, 112, 109, 108, 109, 109, 110, 109, 109, 109, 111, 110, 108, 109, 113
Execution time per run (seconds): 0.00289835, 0.002205, 0.00230668, 0.00220042, 0.00219475, 0.00220007, 0.00220394, 0.00217735, 0.00214813, 0.00220572, 0.00217983, 0.00222017, 0.00217675, 0.00220011, 0.00220353, 0.00220675, 0.00222403, 0.0022013, 0.00217744, 0.00219484, 0.00220449, 0.00223702, 0.00219449, 0.00221574, 0.00226445, 0.00223213, 0.00223076, 0.00219147, 0.00220135, 0.00219953, 0.00219407, 0.00219563, 0.00221375, 0.00218619, 0.00223557, 0.00225229, 0.00225597, 0.0022184, 0.00224449, 0.00220045, 0.0022155, 0.0021818, 0.0022004, 0.00221707, 0.00221766, 0.00223132, 0.0022031, 0.00219356, 0.00220501, 0.00217182, 0.00221315, 0.00217557, 0.00219302, 0.00221047, 0.00220958, 0.00224401, 0.00220035, 0.00218022, 0.0021788, 0.00219727, 0.00220188, 0.00217902, 0.00219463, 0.00220075, 0.00256572, 0.00219618, 0.00222689, 0.00224017, 0.00218081, 0.0022633, 0.0022026, 0.00221482, 0.00221907, 0.00222823, 0.00219506, 0.00220695, 0.00221105, 0.0022227, 0.00220206, 0.00221699, 0.00220905, 0.00219064, 0.00222965, 0.00217757, 0.00217386, 0.00222318, 0.00225049, 0.00220668, 0.0021802, 0.00219053, 0.00220506, 0.00222744, 0.0021922, 0.00219387, 0.00220301, 0.00222852, 0.00222169, 0.00217948, 0.0021944, 0.00227473
