Run: N100_seed42_prob65
Number of runs: 100
Processors: 16
Grid size: 100x100
Mean Burning steps: 172.58
Estimated Probability Bottom reached: 1
Mean Execution time (seconds): 0.00336875
Mean Broadcast/Allocate time (seconds): 2.68998e-05
Setup time: 0.0339826 seconds

Burning steps per run: 213, 188, 159, 181, 161, 165, 159, 159, 167, 164, 180, 207, 218, 156, 165, 146, 166, 165, 163, 153, 173, 169, 165, 176, 161, 183, 204, 168, 173, 168, 181, 150, 161, 179, 190, 167, 188, 153, 180, 252, 180, 222, 161, 165, 147, 224, 165, 178, 178, 163, 152, 187, 254, 208, 161, 152, 156, 158, 162, 170, 171, 171, 157, 155, 162, 162, 170, 188, 172, 162, 171, 174, 176, 188, 176, 169, 171, 164, 176, 162, 165, 161, 158, 149, 168, 162, 154, 164, 159, 165, 174, 154, 217, 166, 165, 228, 156, 162, 156, 159
Execution time per run (seconds): 0.00478473, 0.00374603, 0.00307544, 0.00346988, 0.00306203, 0.00323298, 0.00312457, 0.00339073, 0.003218, 0.00315338, 0.0035368, 0.00397406, 0.00415946, 0.002995, 0.00320506, 0.00296951, 0.00323757, 0.00314559, 0.00321726, 0.00303833, 0.00336258, 0.00331078, 0.00320798, 0.00341047, 0.00313008, 0.00357485, 0.00385704, 0.00322969, 0.00338911, 0.00332064, 0.00357129, 0.0029737, 0.00314727, 0.00343611, 0.00364577, 0.00325484, 0.00371217, 0.00300352, 0.00346033, 0.00481725, 0.00348842, 0.0041817, 0.00315342, 0.00319573, 0.00290256, 0.00428038, 0.00321704, 0.00342541, 0.00346371, 0.00319766, 0.00297459, 0.00363703, 0.00487596, 0.00410492, 0.00315837, 0.00300178, 0.00302477, 0.00308706, 0.00317802, 0.003271, 0.00329654, 0.00329661, 0.00304534, 0.00301806, 0.0031677, 0.00319283, 0.00334516, 0.0036343, 0.00339842, 0.00317309, 0.0033614, 0.00342533, 0.00339743, 0.00364594, 0.00339534, 0.00331001, 0.00339837, 0.00318767, 0.00340453, 0.00311696, 0.00322438, 0.00321302, 0.00310134, 0.00292763, 0.00332048, 0.00313193, 0.00299292, 0.0031912, 0.00308665, 0.00325029, 0.0033698, 0.0030229, 0.00420031, 0.00321444, 0.00322497, 0.00444293, 0.00306212, 0.00317411, 0.003054, 0.00308714
