Run: N100_seed42_prob70
Number of runs: 100
Processors: 16
Grid size: 100x100
Mean Burning steps: 144.2
Estimated Probability Bottom reached: 1
Mean Execution time (seconds): 0.00284169
Mean Broadcast/Allocate time (seconds): 2.64117e-05
Setup time: 0.0345403 seconds

Burning steps per run: 140, 157, 137, 141, 143, 137, 141, 137, 153, 150, 146, 145, 147, 159, 143, 142, 137, 137, 159, 151, 140, 139, 139, 135, 140, 138, 157, 149, 143, 144, 158, 139, 139, 148, 138, 147, 159, 152, 142, 175, 140, 146, 142, 138, 138, 142, 153, 139, 138, 143, 141, 152, 143, 142, 145, 141, 138, 135, 142, 148, 163, 138, 143, 138, 141, 145, 146, 139, 138, 152, 136, 136, 143, 142, 147, 138, 146, 151, 147, 148, 147, 143, 141, 138, 145, 137, 146, 153, 138, 150, 137, 143, 143, 147, 141, 152, 144, 143, 137, 149
Execution time per run (seconds): 0.00343267, 0.00319941, 0.00268812, 0.00275054, 0.00281531, 0.00268919, 0.00276405, 0.00272453, 0.00298051, 0.00282778, 0.00286793, 0.00287773, 0.00288288, 0.00306446, 0.00281449, 0.00280531, 0.00271217, 0.00268736, 0.00311888, 0.00297169, 0.00271391, 0.00273199, 0.0027345, 0.0026581, 0.00276873, 0.00273227, 0.00305274, 0.00291488, 0.0028405, 0.00284397, 0.00310368, 0.0027522, 0.00275498, 0.00290437, 0.00272422, 0.0028847, 0.00311781, 0.00297313, 0.00282775, 0.00341772, 0.00276225, 0.00285474, 0.00281318, 0.00273126, 0.00276089, 0.00280502, 0.00298727, 0.00274031, 0.00272178, 0.00281513, 0.00278326, 0.00299245, 0.00281196, 0.00279532, 0.00285851, 0.00277535, 0.00275308, 0.00265862, 0.00280493, 0.00288217, 0.0031563, 0.00271461, 0.00281044, 0.00271755, 0.0027654, 0.00285054, 0.00289645, 0.00275156, 0.00273353, 0.00296821, 0.00269247, 0.00270984, 0.0028203, 0.0027669, 0.00285581, 0.00272652, 0.00287452, 0.00294736, 0.00287419, 0.00286698, 0.00286952, 0.00281622, 0.00277354, 0.00272324, 0.00288486, 0.00270405, 0.00286713, 0.00295414, 0.00272574, 0.00287167, 0.00273709, 0.00282282, 0.00280225, 0.00287144, 0.00277339, 0.00295957, 0.00282841, 0.00282105, 0.00270525, 0.00292351
