Run: N100_seed42_prob5
Number of runs: 100
Processors: 16
Grid size: 100x100
Mean Burning steps: 0.27
Estimated Probability Bottom reached: 0.07
Mean Execution time (seconds): 8.11376e-05
Mean Broadcast/Allocate time (seconds): 2.80376e-05
Setup time: 0.0345783 seconds

Burning steps per run: 0, 0, 1, 0, 0, 0, 0, 0, 0, 1, 0, 0, 1, 0, 0, 1, 0, 0, 0, 0, 0, 0, 0, 0, 0, 1, 0, 0, 0, 0, 1, 0, 1, 0, 0, 0, 0, 0, 1, 0, 0, 1, 0, 0, 0, 1, 1, 0, 1, 0, 3, 0, 0, 0, 0, 0, 0, 0, 0, 0, 0, 0, 0, 0, 0, 0, 0, 0, 0, 0, 1, 0, 2, 1, 0, 0, 0, 0, 0, 1, 0, 0, 2, 1, 0, 0, 1, 0, 0, 0, 1, 0, 0, 0, 0, 0, 1, 0, 1, 0
Execution time per run (seconds): 0.000529566, 0.000138455, 0.000212249, 7.5153e-05, 0.000114064, 7.0369e-05, 7.3457e-05, 0.000124927, 6.8625e-05, 8.5099e-05, 6.6306e-05, 6.7706e-05, 8.449e-05, 6.7232e-05, 6.772e-05, 0.000105295, 6.8897e-05, 6.8734e-05, 6.8236e-05, 6.9842e-05, 6.8564e-05, 6.8409e-05, 6.6871e-05, 6.8365e-05, 6.7006e-05, 8.5699e-05, 6.771e-05, 6.7568e-05, 6.7132e-05, 6.8243e-05, 8.5808e-05, 6.6281e-05, 8.5277e-05, 6.9966e-05, 6.7085e-05, 6.7031e-05, 7.1896e-05, 6.7385e-05, 8.4238e-05, 6.7359e-05, 6.651e-05, 8.5029e-05, 6.672e-05, 6.7583e-05, 7.105e-05, 8.4488e-05, 0.000143121, 6.7973e-05, 8.495e-05, 6.8488e-05, 0.000120477, 6.8073e-05, 6.7132e-05, 6.6137e-05, 6.749e-05, 7.5451e-05, 6.7278e-05, 6.8041e-05, 6.7782e-05, 7.0147e-05, 6.7886e-05, 6.6812e-05, 6.5501e-05, 6.7222e-05, 6.8154e-05, 6.6952e-05, 7.011e-05, 6.7155e-05, 6.7553e-05, 6.6077e-05, 8.4174e-05, 6.7648e-05, 0.000104542, 8.5453e-05, 6.6508e-05, 6.7293e-05, 7.0783e-05, 6.7599e-05, 6.6446e-05, 8.4587e-05, 6.6969e-05, 6.7492e-05, 0.00010194, 8.4241e-05, 6.6574e-05, 6.7282e-05, 8.9062e-05, 6.7808e-05, 6.7813e-05, 6.7364e-05, 8.5506e-05, 6.7026e-05, 6.7053e-05, 6.7018e-05, 6.6796e-05, 6.6513e-05, 9.0348e-05, 6.7153e-05, 8.5133e-05, 6.7975e-05
