Run: N100_seed42_prob10
Number of runs: 100
Processors: 16
Grid size: 100x100
Mean Burning steps: 0.83
Estimated Probability Bottom reached: 0.17
Mean Execution time (seconds): 9.23215e-05
Mean Broadcast/Allocate time (seconds): 2.85557e-05
Setup time: 0.0336415 seconds

Burning steps per run: 2, 0, 1, 0, 1, 1, 2, 0, 0, 1, 0, 1, 1, 1, 1, 2, 0, 0, 0, 1, 0, 0, 1, 0, 0, 3, 0, 0, 3, 0, 2, 0, 1, 0, 1, 0, 2, 1, 1, 3, 0, 1, 1, 0, 1, 2, 1, 1, 1, 0, 3, 0, 0, 0, 0, 0, 1, 1, 0, 1, 0, 2, 3, 1, 3, 0, 1, 1, 0, 0, 2, 1, 2, 1, 0, 0, 0, 1, 1, 2, 2, 0, 2, 1, 0, 1, 1, 0, 0, 1, 2, 0, 0, 0, 3, 0, 1, 0, 1, 0
Execution time per run (seconds): 0.000537363, 0.000190414, 0.000126512, 7.5527e-05, 0.000132748, 0.000177356, 0.0001093, 7.5981e-05, 6.8294e-05, 8.7457e-05, 7.3441e-05, 8.7839e-05, 8.5176e-05, 8.6273e-05, 9.2692e-05, 0.000120896, 6.932e-05, 6.874e-05, 6.8376e-05, 8.7936e-05, 6.9308e-05, 6.9384e-05, 8.6332e-05, 6.9677e-05, 6.8973e-05, 0.000123544, 6.7642e-05, 6.8136e-05, 0.000121884, 6.8697e-05, 0.000102873, 6.9396e-05, 8.5869e-05, 7.0017e-05, 8.705e-05, 6.927e-05, 0.000105752, 8.7519e-05, 8.7396e-05, 0.000122182, 6.7603e-05, 8.7738e-05, 8.5196e-05, 7.115e-05, 8.6986e-05, 0.000105737, 8.7982e-05, 8.6543e-05, 8.736e-05, 6.8188e-05, 0.000188105, 6.9569e-05, 6.8298e-05, 6.8784e-05, 6.8778e-05, 6.7658e-05, 8.6519e-05, 8.6581e-05, 6.8617e-05, 8.5303e-05, 6.903e-05, 0.000104372, 0.000123196, 8.6572e-05, 0.000123239, 6.803e-05, 8.773e-05, 8.7031e-05, 7.2776e-05, 6.8772e-05, 0.000104797, 8.7798e-05, 0.000105522, 8.6703e-05, 6.8626e-05, 6.7307e-05, 6.8579e-05, 8.624e-05, 8.5558e-05, 0.000105404, 0.000107418, 6.7296e-05, 0.00010278, 8.7726e-05, 6.8819e-05, 8.5956e-05, 9.1271e-05, 6.8728e-05, 6.7587e-05, 8.6445e-05, 0.000105483, 6.9935e-05, 6.8222e-05, 6.9861e-05, 0.000126716, 6.9063e-05, 9.0663e-05, 7.2025e-05, 8.5617e-05, 6.8019e-05
