Run: N100_seed42_prob20
Number of runs: 100
Processors: 16
Grid size: 100x100
Mean Burning steps: 2.65
Estimated Probability Bottom reached: 0.32
Mean Execution time (seconds): 0.000129732
Mean Broadcast/Allocate time (seconds): 2.76264e-05
Setup time: 0.0345341 seconds

Burning steps per run: 2, 3, 1, 2, 3, 5, 2, 3, 5, 3, 0, 1, 2, 1, 3, 2, 1, 3, 3, 2, 3, 3, 5, 3, 2, 3, 2, 1, 3, 1, 4, 4, 5, 5, 3, 2, 2, 1, 2, 4, 2, 4, 4, 2, 4, 2, 2, 3, 1, 5, 3, 5, 1, 2, 2, 3, 2, 2, 1, 2, 4, 4, 4, 2, 4, 1, 3, 2, 4, 2, 3, 2, 4, 3, 0, 3, 4, 8, 1, 2, 5, 2, 5, 1, 3, 1, 4, 2, 1, 2, 4, 0, 2, 2, 3, 4, 3, 2, 2, 0
Execution time per run (seconds): 0.000622712, 0.00027838, 0.000121232, 0.000195357, 0.000173965, 0.000165722, 0.000112859, 0.000134927, 0.00016333, 0.000126483, 7.0269e-05, 9.9798e-05, 0.000107817, 8.7488e-05, 0.000130075, 0.000125362, 9.0747e-05, 0.000126706, 0.000131904, 0.000110327, 0.000126306, 0.000128161, 0.000163093, 0.000126975, 0.000109974, 0.000126905, 0.000107468, 8.9311e-05, 0.000128196, 8.8927e-05, 0.000144079, 0.000210873, 0.000163992, 0.00016461, 0.000125818, 0.000107602, 0.000107888, 8.8667e-05, 0.000106923, 0.000144958, 0.000107739, 0.000145261, 0.000145199, 0.000106221, 0.000147956, 0.000110667, 0.000107856, 0.000126722, 8.8601e-05, 0.000161151, 0.000126799, 0.000170573, 8.8815e-05, 0.000107636, 0.000107531, 0.000126449, 0.000106236, 0.000108032, 9.322e-05, 0.00010704, 0.000150116, 0.000144278, 0.000143892, 0.000106901, 0.000143709, 8.8946e-05, 0.000126532, 0.000110438, 0.000145351, 0.000107434, 0.000125466, 0.000107501, 0.000145603, 0.000125493, 6.9009e-05, 0.000126164, 0.000143099, 0.000223601, 9.6296e-05, 0.000107981, 0.000163794, 0.000106205, 0.000161212, 9.0338e-05, 0.000126087, 8.9845e-05, 0.000142735, 0.000107896, 8.8073e-05, 0.00010747, 0.000144842, 7.1605e-05, 0.000113164, 0.000109498, 0.000126849, 0.000144808, 0.000125271, 0.000107447, 0.000107429, 7.4955e-05
