Run: N100_seed42_prob85
Number of runs: 100
Processors: 16
Grid size: 100x100
Mean Burning steps: 114.85
Estimated Probability Bottom reached: 1
Mean Execution time (seconds): 0.00230925
Mean Broadcast/Allocate time (seconds): 2.83509e-05
Setup time: 0.0341516 seconds

Burning steps per run: 115, 115, 116, 114, 114, 113, 116, 112, 113, 116, 114, 116, 113, 115, 114, 118, 115, 116, 114, 113, 115, 117, 114, 114, 117, 115, 115, 114, 113, 117, 117, 115, 116, 114, 113, 117, 118, 116, 114, 116, 113, 114, 114, 117, 117, 114, 114, 114, 113, 113, 116, 114, 115, 115, 117, 114, 117, 113, 117, 115, 113, 114, 117, 114, 114, 114, 114, 115, 116, 116, 114, 118, 114, 114, 114, 115, 118, 114, 114, 116, 115, 115, 116, 113, 114, 115, 117, 112, 114, 115, 116, 115, 112, 116, 113, 115, 115, 112, 116, 116
Execution time per run (seconds): 0.00281606, 0.00234072, 0.00234711, 0.00228738, 0.00230538, 0.00225673, 0.00226977, 0.00224954, 0.00225388, 0.00231552, 0.00228478, 0.00230633, 0.00226409, 0.00229275, 0.00227451, 0.00237587, 0.00231226, 0.0023294, 0.00229278, 0.00227667, 0.00230665, 0.0023401, 0.00227417, 0.00229538, 0.00233978, 0.00230896, 0.00231098, 0.00229241, 0.00222292, 0.00234083, 0.0023516, 0.00231567, 0.00232969, 0.00229761, 0.00226898, 0.00234381, 0.00237102, 0.00232235, 0.00229737, 0.00230841, 0.00228248, 0.00229232, 0.002296, 0.00234404, 0.00234199, 0.00229357, 0.00224771, 0.00228896, 0.00227446, 0.00227745, 0.00232517, 0.00228597, 0.00231258, 0.00231182, 0.00233966, 0.00226063, 0.00235049, 0.00228978, 0.00235907, 0.00230588, 0.00226063, 0.00230843, 0.00234679, 0.00228854, 0.00228918, 0.0022878, 0.00230099, 0.00230437, 0.00232976, 0.00229569, 0.00228287, 0.00235719, 0.00229169, 0.00229153, 0.00230867, 0.00231791, 0.00236214, 0.00228635, 0.00225221, 0.00234145, 0.00230413, 0.00232609, 0.00233304, 0.00227507, 0.00230047, 0.00231346, 0.00233727, 0.00225936, 0.00231432, 0.00230476, 0.00232994, 0.00231572, 0.00224754, 0.00232615, 0.00224359, 0.00230482, 0.0023133, 0.00224867, 0.00232186, 0.0023314
