Run: N100_seed42_prob35
Number of runs: 100
Processors: 16
Grid size: 100x100
Mean Burning steps: 8.31
Estimated Probability Bottom reached: 0.44
Mean Execution time (seconds): 0.000240608
Mean Broadcast/Allocate time (seconds): 2.94026e-05
Setup time: 0.0344406 seconds

Burning steps per run: 8, 7, 14, 7, 5, 6, 5, 3, 11, 5, 6, 3, 6, 9, 6, 6, 7, 9, 16, 6, 6, 14, 6, 5, 16, 6, 5, 5, 13, 8, 10, 13, 9, 15, 3, 3, 8, 8, 4, 6, 9, 4, 5, 8, 5, 5, 5, 5, 6, 15, 12, 7, 6, 5, 5, 3, 2, 9, 18, 6, 6, 17, 9, 12, 7, 7, 13, 14, 7, 3, 7, 8, 11, 5, 7, 4, 6, 7, 12, 24, 16, 12, 7, 6, 6, 16, 9, 15, 10, 7, 10, 8, 13, 9, 9, 8, 11, 12, 10, 3
Execution time per run (seconds): 0.000693069, 0.000349432, 0.000346261, 0.000221697, 0.000170349, 0.000190557, 0.000172956, 0.000140341, 0.000285574, 0.000169171, 0.000189366, 0.000131457, 0.000189143, 0.000248319, 0.000188987, 0.000241817, 0.000213871, 0.000251293, 0.00038528, 0.000190595, 0.000195375, 0.000341008, 0.000187215, 0.000168316, 0.000439998, 0.000188282, 0.000169832, 0.000169796, 0.000332009, 0.000217932, 0.000253822, 0.000313146, 0.00023745, 0.000344858, 0.000125399, 0.000130027, 0.000219371, 0.000217417, 0.000145521, 0.000181821, 0.000266827, 0.000152466, 0.00016877, 0.000226069, 0.000173645, 0.000166537, 0.000170541, 0.000170064, 0.000194092, 0.000362349, 0.000302012, 0.000207108, 0.000194323, 0.000172652, 0.000169144, 0.000132942, 0.000111359, 0.000246861, 0.000417207, 0.000189154, 0.000188659, 0.000404794, 0.000246938, 0.000301688, 0.000209472, 0.000207927, 0.000323758, 0.000345692, 0.000209534, 0.000131426, 0.000207599, 0.000228329, 0.000288643, 0.000168249, 0.000208143, 0.000151353, 0.000190255, 0.000207239, 0.000305765, 0.000533437, 0.000377304, 0.000300492, 0.000219178, 0.000181975, 0.000180553, 0.000364854, 0.0002637, 0.00035951, 0.00026695, 0.000212855, 0.00026606, 0.000227836, 0.000329897, 0.00024682, 0.000245829, 0.000226122, 0.000289061, 0.000302366, 0.000268176, 0.000130061
